000080
000100
000120
000150
000210
000240
000250
000270
000660
000670
000720
000810
000880
001040
001430
001440
001450
001680
001800
002380
002710
002790
002840
003030
003090
003230
003240
003380
003490
003550
003620
003670
004000
004020
004170
004370
004490
004990
005250
005290
005300
005380
005420
005490
005830
005850
005930
005940
006040
006260
006280
006360
006400
006650
006730
006800
007070
007310
007340
007390
008730
008770
008930
009150
009240
009420
009520
009540
009830
009970
010060
010120
010130
010140
010620
010950
011070
011170
011200
011210
011780
011790
012330
012450
012630
012750
014620
014680
014820
015750
015760
016360
017670
017800
017960
018260
018290
018880
021240
022100
023530
024110
025320
025900
025980
026960
028050
028260
028300
028670
029780
030000
030200
030520
031980
032190
032500
032640
032830
033100
033500
033780
034020
034220
034730
034950
035250
035420
035720
035760
035900
036460
036540
036570
036810
036830
036930
039030
039130
039200
039490
041190
041510
042000
042660
042670
042700
046890
047040
047050
047810
048410
049070
050890
051600
051900
051910
052690
053030
053610
053800
055550
056190
058470
058610
058970
060250
060280
064350
064550
064760
065350
066570
066970
067160
067310
068270
068760
069080
069260
069620
069960
071050
071320
073240
074600
078340
078600
078930
079370
079550
080220
081660
082270
084370
084850
085660
086280
086450
086520
086790
086900
087010
088350
089030
090430
091120
091700
093370
094360
095340
095500
095610
095660
096530
096770
097950
098460
099190
101360
101490
101730
103140
105560
108860
111770
112040
112610
114090
114840
115450
120110
121600
122870
128940
131290
131970
137310
137400
138040
138930
139130
139480
140410
140860
141080
145020
145720
160190
161390
161580
161890
166090
171090
175330
178320
179900
180640
183300
185750
189300
192080
192820
194480
195940
196170
200130
204270
204320
207940
213420
214150
214370
214450
215000
215200
218410
222080
222800
225570
232140
237690
240810
241560
241710
247540
251270
253450
253590
257720
259960
263750
267250
267260
267980
268280
271560
272210
272290
277810
278280
278470
280360
281740
282330
285130
290650
293490
298020
298040
298050
298380
300720
302440
310210
316140
317330
319660
323280
323410
326030
328130
329180
336570
348210
348370
352480
352820
357780
358570
361610
365340
373220
375500
376300
377300
383220
383310
394280
399720
402340
403870
417200
420770
443060
450080
454910
456040
457190
489790